0 0.213749 0.385820 0.136742 0.099227
1 0.478817 0.499554 0.957634 0.272205
1 0.478684 0.702851 0.957369 0.320955
1 0.492558 0.611283 0.977744 0.316211
1 0.666564 0.353312 0.658633 0.225074
1 0.578784 0.893612 0.711203 0.212775
1 0.569266 0.763983 0.784828 0.296482
1 0.547765 0.415172 0.890856 0.254874
1 0.587281 0.853263 0.725840 0.261980
1 0.526356 0.113132 0.947287 0.221464
1 0.674075 0.203236 0.647795 0.244940
1 0.593887 0.804914 0.715687 0.274290
1 0.654055 0.312118 0.679124 0.233501
1 0.490642 0.548473 0.981284 0.303017
1 0.744659 0.833541 0.412119 0.150793
1 0.737685 0.862496 0.405984 0.150835
1 0.525702 0.078538 0.948596 0.157076
1 0.655695 0.457744 0.675370 0.243807
1 0.531218 0.167805 0.933539 0.263773
1 0.281056 0.518982 0.561973 0.194811
1 0.655250 0.407492 0.681867 0.234518
1 0.523258 0.256700 0.953484 0.254588
1 0.654980 0.258251 0.678898 0.261950
1 0.502118 0.359870 0.983988 0.217460
1 0.512891 0.299486 0.970667 0.218796
1 0.751687 0.343866 0.496626 0.174722
1 0.075517 0.371708 0.124679 0.065432
0 0.089993 0.017979 0.029756 0.032711
1 0.577859 0.929828 0.717431 0.139512
0 0.029399 0.403088 0.027792 0.028647
1 0.659076 0.127807 0.681223 0.230701
0 0.079766 0.072949 0.023475 0.020729
1 0.793226 0.628754 0.377253 0.164246
1 0.594881 0.486993 0.797481 0.264826
0 0.079598 0.079271 0.023084 0.020858
1 0.174312 0.550301 0.347758 0.102869
1 0.282348 0.594764 0.562955 0.217100
1 0.317660 0.492405 0.635026 0.211697
1 0.269843 0.548058 0.524385 0.158925
0 0.629320 0.651319 0.041681 0.040639
0 0.056393 0.184203 0.028648 0.025541
