0 0.830288 0.671854 0.137264 0.100644
0 0.337723 0.271173 0.161318 0.118805
0 0.621251 0.561534 0.087548 0.062955
0 0.602548 0.639997 0.090382 0.071834
0 0.609293 0.826151 0.078438 0.060717
0 0.368114 0.685037 0.074250 0.058537
0 0.548513 0.436879 0.048860 0.042723
0 0.379664 0.457359 0.039661 0.038460
0 0.663305 0.805457 0.053125 0.049767
0 0.724853 0.384380 0.041081 0.037716
0 0.419202 0.813006 0.031804 0.029292
0 0.492473 0.820497 0.046933 0.043418
0 0.486650 0.094102 0.047194 0.043432
0 0.838419 0.465039 0.027002 0.025790
