0 0.227149 0.447422 0.144411 0.113306
1 0.687848 0.610633 0.623245 0.180813
0 0.420008 0.559404 0.092638 0.086275
1 0.713454 0.202421 0.573093 0.179964
1 0.507972 0.298828 0.976272 0.197285
1 0.698468 0.356110 0.602944 0.198431
1 0.696804 0.404537 0.604874 0.191141
1 0.702036 0.317045 0.595851 0.186124
1 0.498840 0.074021 0.989360 0.148042
1 0.516820 0.338561 0.966359 0.227182
1 0.707092 0.272360 0.584369 0.235918
1 0.506085 0.052484 0.987831 0.104967
1 0.524109 0.922919 0.951781 0.153165
1 0.523108 0.882338 0.953784 0.223532
1 0.522508 0.947540 0.947420 0.104230
