0 0.269010 0.163974 0.084635 0.131927
0 0.693451 0.619561 0.103179 0.148304
0 0.313066 0.390858 0.062335 0.099746
0 0.123404 0.395671 0.051692 0.070185
0 0.387148 0.367704 0.054994 0.080570
0 0.279890 0.622564 0.051495 0.067478
0 0.556179 0.261757 0.042846 0.052746
0 0.468676 0.141740 0.027887 0.029254
0 0.136745 0.509547 0.044204 0.049155
0 0.520165 0.425990 0.041276 0.046536
0 0.504371 0.596468 0.029733 0.034191
0 0.146645 0.581812 0.027950 0.033458
0 0.611269 0.252425 0.034695 0.040323
0 0.148020 0.343800 0.040811 0.054225
0 0.559435 0.254935 0.037915 0.047231
0 0.852983 0.774757 0.029044 0.032579
0 0.502222 0.600838 0.031692 0.037914
0 0.148658 0.585694 0.028588 0.032763
