1 0.485022 0.323840 0.065417 0.105436
1 0.421332 0.112494 0.078766 0.182397
1 0.867535 0.501340 0.228346 0.997320
1 0.565298 0.720387 0.099318 0.235758
1 0.766385 0.501863 0.215939 0.996274
1 0.113044 0.479841 0.225432 0.958335
1 0.665197 0.506125 0.196955 0.987750
1 0.398524 0.804169 0.141271 0.391663
1 0.819200 0.500469 0.229360 0.999063
1 0.350724 0.452349 0.236824 0.872219
1 0.876223 0.611071 0.193587 0.777859
1 0.564124 0.488080 0.201224 0.890559
1 0.707485 0.502960 0.281953 0.994080
1 0.176036 0.096568 0.078972 0.175067
1 0.619775 0.520980 0.222881 0.958040
1 0.336957 0.713920 0.069452 0.189718
1 0.356219 0.512226 0.167462 0.975549
1 0.103174 0.180614 0.102500 0.336326
1 0.599895 0.308266 0.152912 0.549928
1 0.034910 0.154286 0.069117 0.286545
1 0.163674 0.820381 0.125840 0.359239
1 0.204186 0.815539 0.117592 0.368922
1 0.490399 0.677506 0.078405 0.149871
1 0.823221 0.611607 0.180145 0.776787
1 0.958737 0.259576 0.081216 0.403042
0 0.929721 0.928027 0.041006 0.060157
1 0.712363 0.597703 0.187131 0.804595
1 0.229600 0.813028 0.111642 0.368205
1 0.076071 0.500351 0.151172 0.995694
1 0.940506 0.278390 0.117377 0.452508
1 0.356581 0.482726 0.323821 0.934114
1 0.865504 0.952063 0.059830 0.093502
1 0.602323 0.511019 0.140730 0.964862
1 0.024310 0.153093 0.048087 0.280554
1 0.947392 0.506509 0.104091 0.986982
1 0.087793 0.201726 0.128389 0.384199
1 0.578278 0.331174 0.140982 0.598171
1 0.408898 0.801466 0.218348 0.397067
1 0.932670 0.602237 0.132226 0.795526
