0 0.434267 0.243087 0.066790 0.113436
1 0.624997 0.503876 0.133944 0.992249
0 0.081074 0.046785 0.030364 0.033297
1 0.649029 0.504540 0.126615 0.990920
0 0.671153 0.698751 0.041381 0.042593
1 0.561556 0.503325 0.115205 0.993350
1 0.855100 0.674799 0.118670 0.646224
1 0.362914 0.668001 0.115468 0.663800
1 0.822794 0.670830 0.123236 0.658341
1 0.372647 0.489599 0.129958 0.940285
1 0.840609 0.824942 0.088229 0.349586
1 0.776103 0.503427 0.121783 0.993146
1 0.132591 0.869337 0.061958 0.260865
1 0.335517 0.668360 0.118496 0.663281
1 0.324834 0.512667 0.125030 0.947219
1 0.413779 0.664191 0.109834 0.671618
1 0.408404 0.521002 0.135639 0.957995
1 0.616196 0.839398 0.077616 0.321204
1 0.522137 0.503243 0.110275 0.993514
1 0.871968 0.822890 0.095199 0.354220
1 0.946537 0.671226 0.106471 0.654274
1 0.456491 0.505109 0.114609 0.989782
1 0.817431 0.537110 0.132228 0.925780
1 0.770813 0.654629 0.136493 0.690742
1 0.285794 0.491933 0.133111 0.955137
1 0.734835 0.502793 0.110592 0.994413
1 0.859165 0.827838 0.068315 0.344324
0 0.466220 0.058858 0.024147 0.025204
0 0.897225 0.675224 0.033627 0.061785
1 0.571130 0.290625 0.071918 0.487468
1 0.611135 0.322125 0.117104 0.573392
1 0.569665 0.243714 0.056746 0.412134
