0 0.782596 0.522679 0.092311 0.089606
1 0.408610 0.521826 0.751454 0.323210
1 0.490202 0.815896 0.760101 0.325391
1 0.329009 0.265227 0.650216 0.281726
0 0.636869 0.282882 0.067574 0.067215
0 0.756827 0.573189 0.066151 0.062691
0 0.555914 0.133751 0.071317 0.056999
1 0.318618 0.148609 0.633442 0.260478
1 0.439958 0.086980 0.879916 0.173960
1 0.552711 0.919520 0.894578 0.159591
1 0.444567 0.058372 0.889133 0.116743
1 0.326664 0.207152 0.648194 0.336625
1 0.299001 0.085338 0.592199 0.170675
1 0.589941 0.890580 0.820118 0.218814
