1 0.704000 0.445500 0.113528 0.083264
1 0.483649 0.326835 0.967297 0.385872
1 0.538137 0.675179 0.923726 0.435928
1 0.892669 0.373353 0.189416 0.103954
1 0.599112 0.526107 0.800537 0.334991
1 0.558933 0.839231 0.882135 0.317136
1 0.547527 0.752291 0.904947 0.433977
1 0.872142 0.877393 0.255716 0.244588
1 0.166240 0.209254 0.311000 0.144490
1 0.353482 0.453136 0.167149 0.093499
1 0.148104 0.132437 0.281038 0.144023
1 0.874774 0.955463 0.250451 0.088512
1 0.733632 0.522842 0.532523 0.303041
1 0.246548 0.967842 0.191332 0.064316
1 0.506291 0.519043 0.967738 0.409059
1 0.162800 0.183343 0.306672 0.157648
1 0.187966 0.836660 0.139439 0.080418
1 0.874413 0.918886 0.251175 0.162229
1 0.140065 0.106390 0.268802 0.109617
1 0.564481 0.921625 0.871039 0.156750
1 0.249177 0.948826 0.199153 0.102348
1 0.156504 0.159237 0.297090 0.142431
1 0.827497 0.126898 0.189726 0.108195
1 0.513694 0.769297 0.842148 0.305285
1 0.050565 0.486274 0.043166 0.071709
1 0.517367 0.880810 0.784233 0.237072
0 0.251256 0.886830 0.052524 0.049436
1 0.199122 0.326926 0.362031 0.160085
1 0.748852 0.094202 0.351668 0.148325
1 0.210717 0.358487 0.366594 0.168722
1 0.725069 0.613901 0.548892 0.355168
1 0.461553 0.108786 0.923107 0.201524
