0 0.418379 0.238944 0.125201 0.143209
1 0.720439 0.456579 0.440488 0.912273
1 0.201073 0.511410 0.402146 0.959311
1 0.401742 0.488641 0.414194 0.969877
1 0.510458 0.677291 0.277079 0.566271
1 0.861755 0.426217 0.276489 0.852433
1 0.862164 0.364140 0.079843 0.103132
1 0.348250 0.499333 0.606635 0.998667
1 0.110796 0.520905 0.220622 0.958190
0 0.287427 0.482043 0.052559 0.063699
1 0.065091 0.506626 0.130181 0.972056
0 0.289697 0.474543 0.046153 0.057578
0 0.617855 0.890768 0.037274 0.042471
0 0.800332 0.363652 0.048400 0.055852
