0 0.300997 0.546811 0.152121 0.104835
1 0.514084 0.225424 0.971832 0.368160
1 0.518648 0.307685 0.962704 0.308684
1 0.544988 0.409982 0.910023 0.314649
1 0.514048 0.823955 0.836077 0.246037
1 0.647521 0.078766 0.674372 0.157508
1 0.646893 0.121131 0.680865 0.240406
1 0.521596 0.362829 0.956809 0.308260
1 0.531434 0.172242 0.922178 0.323755
1 0.798730 0.063793 0.355177 0.127020
1 0.540591 0.549587 0.918818 0.271074
1 0.709658 0.550545 0.580684 0.219579
1 0.723792 0.698288 0.552349 0.242427
1 0.533367 0.492607 0.933265 0.298161
1 0.702676 0.505951 0.593851 0.227092
1 0.694832 0.451171 0.609248 0.252315
1 0.716514 0.601299 0.566465 0.244531
1 0.544760 0.875816 0.910480 0.248367
1 0.547836 0.645522 0.904328 0.313368
1 0.252942 0.409311 0.359057 0.117649
1 0.807447 0.088212 0.365131 0.164828
1 0.648086 0.168905 0.699368 0.282973
1 0.547233 0.593953 0.905534 0.240951
1 0.396141 0.366345 0.654424 0.180576
1 0.549368 0.691166 0.901264 0.267517
1 0.545825 0.789463 0.908350 0.331166
1 0.614935 0.417351 0.770129 0.253308
1 0.166222 0.571194 0.133567 0.069105
1 0.423756 0.394387 0.701855 0.156098
1 0.543801 0.922295 0.912397 0.155410
1 0.521435 0.682497 0.827421 0.205022
1 0.278583 0.413263 0.415898 0.148437
1 0.790632 0.037045 0.381294 0.074089
1 0.721735 0.653354 0.556529 0.266628
1 0.361815 0.327706 0.621926 0.228894
1 0.850718 0.296119 0.298565 0.161273
1 0.342393 0.386128 0.506117 0.138672
1 0.792899 0.576250 0.414202 0.183478
