1 0.777662 0.560386 0.403449 0.879229
1 0.154628 0.170380 0.155477 0.327182
1 0.264963 0.565208 0.294584 0.794988
1 0.640890 0.401233 0.068529 0.102856
1 0.105503 0.167117 0.124910 0.324943
1 0.569292 0.526567 0.289047 0.944136
1 0.461418 0.519638 0.358834 0.949624
1 0.716874 0.205381 0.098100 0.209805
1 0.381154 0.503427 0.335633 0.937419
1 0.230126 0.502594 0.388902 0.929789
1 0.529521 0.495726 0.408387 0.903204
1 0.957087 0.290110 0.085335 0.205781
1 0.886768 0.895290 0.179743 0.209420
1 0.323118 0.515112 0.359469 0.943901
1 0.930140 0.903929 0.139403 0.192142
1 0.097540 0.828237 0.069128 0.161842
1 0.523015 0.332143 0.190132 0.568475
1 0.729269 0.864656 0.139060 0.270487
1 0.565019 0.768171 0.131813 0.225478
1 0.947341 0.910672 0.104690 0.178655
1 0.636811 0.750530 0.084700 0.150353
1 0.962968 0.912025 0.074064 0.174698
1 0.130276 0.171938 0.214495 0.343877
1 0.557464 0.333590 0.189555 0.560255
1 0.704485 0.861817 0.270269 0.275708
1 0.885020 0.578701 0.229959 0.839526
1 0.250795 0.897215 0.053193 0.107934
1 0.591909 0.347981 0.197794 0.568141
